0.2 0.13333333333333333 15 2 -6.98970004336
0.4 0.045454545454545456 44 2 -3.97940008672
0.6 0.13636363636363635 88 12 -2.21848749616
0.8 0.0390625 128 5 -0.969100130081
1.0 0.059602649006622516 2718 162 0.0
1.2 0.042134831460674156 2492 105 0.791812460476
1.4 0.046762589928057555 2502 117 1.46128035678
1.6 0.062018819503849444 2338 145 2.04119982656
1.8 0.0710172744721689 2084 148 2.55272505103
2.0 0.11439114391143912 1897 217 3.01029995664
2.2 0.1502375296912114 1684 253 3.42422680822
2.4 0.18426361802286484 1487 274 3.80211241712
2.6 0.263595166163142 1324 349 4.14973347971
2.8 0.28795379537953797 1212 349 4.47158031342
3.0 0.36176470588235293 1020 369 4.7712125472
3.2 0.4205794205794206 1001 421 5.0514997832
3.4 0.46215596330275227 872 403 5.31478917042
3.6 0.5257214554579673 797 419 5.56302500767
3.8 0.5297297297297298 740 392 5.79783596617
4.0 0.542319749216301 638 346 6.02059991328
4.2 0.5830564784053156 602 351 6.23249290398
4.4 0.6363636363636364 506 322 6.43452676486
4.6 0.6206185567010309 485 301 6.62757831682
4.8 0.6521739130434783 483 315 6.81241237376
5.0 0.7216494845360825 388 280 6.98970004336
5.2 0.672463768115942 345 232 7.16003343635
5.4 0.6272189349112426 338 212 7.32393759823
5.6 0.6656151419558359 317 211 7.48188027006
5.8 0.7165605095541401 314 225 7.63427993563
6.0 0.7 250 175 7.78151250384
6.2 0.7285067873303167 221 161 7.92391689498
6.4 0.7679558011049724 181 139 8.06179973984
6.6 0.6984126984126984 189 132 8.19543935542
6.8 0.7085714285714285 175 124 8.32508912706
7.0 0.7062937062937062 143 101 8.45098040014
7.2 0.7697841726618705 139 107 8.57332496431
7.4 0.7426470588235294 136 101 8.69231719731
7.6 0.7878787878787878 132 104 8.80813592281
7.8 0.7280701754385965 114 83 8.9209460269
8.0 0.7 90 63 9.03089986992
8.2 0.8 80 64 9.13813852384
8.4 0.8313253012048193 83 69 9.24279286062
8.6 0.6875 80 55 9.34498451244
8.8 0.8783783783783784 74 65 9.4448267215
9.0 0.8026315789473685 76 61 9.54242509439
9.2 0.8666666666666667 60 52 9.63787827346
9.4 0.8035714285714286 56 45 9.731278536
9.6 0.8 40 32 9.8227123304
9.8 0.8688524590163934 61 53 9.91226075692
10.0 0.8297872340425532 47 39 10.0
10.2 0.8269230769230769 52 43 10.0860017176
10.4 0.9411764705882353 34 32 10.170333393
10.6 0.9361702127659575 47 44 10.2530586526
10.8 0.8571428571428571 28 24 10.3342375549
11.0 0.84375 32 27 10.4139268516
11.2 0.8181818181818182 33 27 10.4921802267
11.4 0.76 25 19 10.5690485134
11.6 0.8333333333333334 24 20 10.6445798923
11.8 0.75 24 18 10.7188200731
12.0 0.8518518518518519 27 23 10.7918124605
12.2 0.9285714285714286 14 13 10.8635983067
12.4 0.9545454545454546 22 21 10.9342168516
12.6 0.6666666666666666 6 4 11.0037054512
12.8 0.9230769230769231 13 12 11.0720996965
13.0 0.9565217391304348 23 22 11.1394335231
13.2 0.8235294117647058 17 14 11.2057393121
13.4 0.8823529411764706 17 15 11.2710479836
13.6 1.0 9 9 11.3353890837
13.8 0.75 12 9 11.398790864
14.0 0.9 10 9 11.4612803568
14.2 1.0 10 10 11.5228834438
14.4 0.9090909090909091 11 10 11.583624921
14.6 0.8888888888888888 9 8 11.6435285578
14.8 0.7 10 7 11.7026171539
15.0 1.0 11 11 11.7609125906
15.2 0.75 8 6 11.8184358794
15.4 0.7142857142857143 7 5 11.8752072084
15.6 0.75 4 3 11.9312459835
15.8 1.0 9 9 11.9865708695
16.0 0.75 8 6 12.0411998266
16.2 0.8571428571428571 7 6 12.0951501454
16.4 0.8333333333333334 6 5 12.1484384805
16.6 0.8 5 4 12.2010808804
16.8 1.0 4 4 12.2530928173
17.0 0.8571428571428571 7 6 12.3044892138
17.2 1.0 4 4 12.3552844691
17.4 1.0 4 4 12.4054924828
17.6 0.7777777777777778 9 7 12.4551266781
17.8 1.0 3 3 12.5042000231
18.0 1.0 4 4 12.552725051
18.2 1.0 7 7 12.6007138799
18.4 0.8 5 4 12.6481782301
18.6 0.8571428571428571 7 6 12.6951294422
18.8 1.0 2 2 12.7415784926
19.0 1.0 6 6 12.7875360095
19.2 1.0 4 4 12.833012287
19.4 1.0 2 2 12.8780172993
19.6 1.0 1 1 12.9225607136
19.8 1.0 4 4 12.9666519026
